rwb=[ 0         0    1.0000
    0.0512    0.0565    1.0000
    0.1024    0.1131    1.0000
    0.1536    0.1696    1.0000
    0.2048    0.2261    1.0000
    0.2560    0.2826    1.0000
    0.3072    0.3392    1.0000
    0.3584    0.3957    1.0000
    0.4096    0.4522    1.0000
    0.4608    0.5087    1.0000
    0.5120    0.5653    1.0000
    0.5632    0.6218    1.0000
    0.6145    0.6783    1.0000
    0.6657    0.7348    1.0000
    0.7169    0.7914    1.0000
    0.7326    0.8030    1.0000
    0.7483    0.8146    1.0000
    0.7641    0.8261    1.0000
    0.7798    0.8377    1.0000
    0.7955    0.8493    1.0000
    0.8112    0.8609    1.0000
    0.8270    0.8725    1.0000
    0.8427    0.8841    1.0000
    0.8584    0.8957    1.0000
    0.8742    0.9073    1.0000
    0.8899    0.9189    1.0000
    0.9056    0.9305    1.0000
    0.9214    0.9420    1.0000
    0.9371    0.9536    1.0000
    0.9528    0.9652    1.0000
    0.9685    0.9768    1.0000
    0.9843    0.9884    1.0000
    1.0000    1.0000    1.0000
    1.0000    1.0000    0.9333
    1.0000    1.0000    0.8667
    1.0000    1.0000    0.8000
    1.0000    1.0000    0.7333
    1.0000    1.0000    0.6667
    1.0000    1.0000    0.6000
    1.0000    1.0000    0.5333
    1.0000    1.0000    0.4667
    1.0000    1.0000    0.4000
    1.0000    1.0000    0.3333
    1.0000    1.0000    0.2667
    1.0000    1.0000    0.2000
    1.0000    1.0000    0.1333
    1.0000    1.0000    0.0667
    1.0000    1.0000         0
    0.9904    0.9475         0
    0.9809    0.8951         0
    0.9713    0.8426         0
    0.9618    0.7902         0
    0.9522    0.7377         0
    0.9426    0.6853         0
    0.9331    0.6328         0
    0.9235    0.5804         0
    0.9140    0.5279         0
    0.9044    0.4755         0
    0.8949    0.4230         0
    0.8853    0.3706         0
    0.8757    0.3181         0
    0.8662    0.2657         0
    0.8566    0.2132         0
    0.8471    0.1608         0];